64450448524
155474862445
87452455
61455474
64474862
3344844622
SayangMia23
64845511
12587452
4524151
45154645
954415215
07851232615
08512384462
544468462
6578475
84556248
64531548645
644524625
PesantrenSalam614
089138445161
08126844544
64463294
6486514
64531494
32176618
078621537
Hendry394521
9784864
LiaTia945574
Brands645274
8485548
644123387
268480453
895474
96211455
479749624
590456145
5248938745
755486244
5624894
6645974562
21138480462
62486745
62457462
3211554
47887647
547554745
33518868
94765216715
6444552445
6456325
321284845
Smpn23jkt
687862158
87461455
6845445
6455715
19707625
148054268
68974231
7807921462
81684845
28044614
318046247
Ridaa545
3094254
Rifaa3184845
RafliJB46745
3910746
Jakarta290
Mohon Bersabar 
Kami Sudah Berusaha 
Tapi Gk Menemukan
Lain Waktu yaah :)
